service_id,monday,tuesday,wednesday,thursday,friday,saturday,sunday,start_date,end_date
10279,1,1,1,1,1,0,0,20121210,20130208
10183,1,1,1,1,1,0,0,20121029,20121207
10201,1,1,1,1,1,1,0,20121210,20130208
10345,1,1,1,1,1,1,0,20121029,20121208
10234,1,1,1,1,1,1,0,20121029,20121208
10875,0,0,0,0,0,0,1,20121104,20121111
10639,0,0,0,0,0,0,1,20121209,20130203
10693,0,0,0,0,0,0,1,20121104,20121202
10346,0,0,0,0,1,0,0,20121102,20121207
10198,0,0,0,0,0,0,1,20121209,20130203
10337,1,1,1,1,1,0,0,20121029,20130208
10338,1,1,1,1,1,0,0,20121126,20121207
10336,1,1,1,1,1,1,0,20121029,20121124
10332,0,0,0,0,1,0,0,20121031,20130208
10333,1,1,1,1,1,1,0,20121029,20130208
10328,0,0,0,0,0,0,1,20121101,20130203
10334,1,0,0,0,0,0,0,20121029,20130204
10335,1,1,1,1,1,1,0,20121029,20130208
10339,1,1,1,1,1,0,0,20121029,20130208
10340,0,0,0,0,0,1,0,20121215,20130202
10205,0,0,0,0,0,0,1,20121101,20121202
10343,0,0,0,0,1,0,0,20121214,20130208
10242,0,0,0,0,0,1,0,20121103,20121208
10342,1,1,1,1,0,0,0,20121210,20130207
10341,1,1,1,1,1,1,0,20121029,20121209
10344,1,1,1,1,0,0,0,20121029,20121206
10600,0,0,0,0,0,1,0,20121103,20130202
10467,0,0,0,0,0,1,1,20121101,20130203
10275,1,1,1,1,1,1,1,20121029,20130208
10621,1,1,1,1,1,0,1,20121029,20130208
10186,0,1,0,0,0,0,0,20121016,20130208
8058,0,0,0,0,0,1,0,20121001,20130208
8064,0,0,0,1,0,0,0,20121001,20130208
8059,0,0,0,0,0,1,1,20121103,20121104
8057,0,0,0,0,0,0,1,20121001,20130208
8063,0,0,0,0,1,1,1,20121102,20121104
8060,0,0,0,0,1,0,0,20121001,20130208
8061,0,0,0,0,1,0,1,20121102,20121104
8062,0,0,0,0,1,1,0,20121102,20121103
10739,0,0,0,0,0,0,1,20121104,20121202
10189,1,1,1,1,1,1,1,20121209,20130208
10408,0,0,0,0,0,1,1,20121209,20130203
10329,1,0,0,0,0,0,0,20121112,20130204
10330,1,1,1,1,1,1,0,20121108,20130208
8056,0,0,0,0,0,1,1,20121124,20121125
10211,0,0,0,0,0,1,1,20121101,20121208
10712,1,1,1,1,1,0,1,20121029,20121207
10190,1,1,1,1,1,1,1,20121029,20121208
8068,1,1,1,0,1,0,0,20121029,20121102
8066,0,0,0,0,0,1,0,20121001,20130208
8067,0,0,0,1,0,1,1,20121101,20121104
8065,0,0,0,1,0,0,1,20121101,20121104
8069,1,1,1,1,1,1,0,20121029,20121124
8070,0,0,0,0,0,0,1,20121101,20121125
10608,1,1,1,1,1,0,0,20121112,20121123
10577,0,0,1,0,0,0,0,20121016,20130208
10576,0,0,0,1,0,0,0,20121016,20130208
10652,1,1,1,1,1,0,0,20121029,20121102
10225,1,1,1,1,0,0,0,20121105,20121108
10630,1,1,1,0,1,0,0,20121029,20121109
10285,1,1,1,1,1,0,0,20121105,20121109
10559,1,1,0,0,0,0,0,20121029,20121108
10575,0,0,0,0,0,1,1,20121201,20121202
10353,0,0,0,0,0,0,0,20121016,20130208
10583,1,1,0,0,0,0,0,20121029,20121108
10349,0,0,0,0,0,0,1,20121016,20130208
10582,1,1,1,0,0,0,0,20121029,20121109
10653,1,1,1,1,1,0,0,20121029,20121102
10654,0,1,1,1,1,1,0,20121106,20121110
10501,1,1,0,0,0,0,0,20121029,20121030
10436,1,1,1,1,1,0,0,20121105,20121116
10347,1,1,1,1,0,0,0,20121126,20121129
10421,1,1,0,0,0,0,0,20121203,20121204
10203,0,0,0,0,1,0,0,20121016,20130208
10398,0,0,1,1,0,0,0,20121205,20121206
10356,0,0,0,0,1,0,0,20121016,20130208
10372,0,0,0,0,0,0,1,20121016,20130208
10460,0,0,0,0,0,0,1,20121118,20121125
10503,0,0,0,0,0,0,0,20121016,20130208
10502,1,1,1,1,1,0,0,20121029,20121207
10487,0,1,1,0,0,0,0,20121204,20121205
10485,0,0,0,1,1,0,0,20121206,20121207
10440,0,1,1,1,1,1,0,20121030,20121208
10448,0,0,0,1,0,0,0,20121016,20130208
10246,0,0,0,0,0,0,1,20121016,20130208
10500,0,0,0,0,0,0,0,20121016,20130208
10424,0,0,0,0,1,0,0,20121016,20130208
10283,1,0,0,0,0,0,0,20121203,20121203
10507,0,0,0,0,0,0,0,20121016,20130208
10499,1,0,0,0,0,0,0,20121029,20121029
10489,0,0,0,1,0,0,0,20121016,20130208
10358,0,0,0,0,0,1,0,20121016,20130208
10498,0,0,0,0,0,0,0,20121016,20130208
10531,0,1,1,1,1,0,0,20121030,20121109
10298,1,0,0,0,0,0,0,20121029,20121029
10584,0,0,0,0,0,0,0,20121029,20121203
10574,0,0,0,0,0,0,1,20121202,20121203
10445,0,0,0,0,0,1,0,20121016,20130208
10383,0,1,1,1,1,0,0,20121127,20121130
10261,0,0,0,0,0,0,0,20121016,20130208
10857,1,1,1,1,1,0,0,20121029,20121102
10506,1,0,0,0,0,0,0,20121029,20121029
10505,0,1,1,1,1,1,0,20121030,20121103
10465,0,0,0,0,0,0,0,20121016,20130208
10882,0,0,0,0,0,0,0,20121016,20130208
10423,0,0,0,0,0,1,0,20121016,20130208
10426,0,0,0,1,0,0,1,20121101,20121104
10828,0,0,0,0,0,0,0,20121016,20130208
10989,1,1,1,1,0,0,0,20121105,20121108
10357,0,0,0,0,0,0,0,20121016,20130208
10262,0,0,0,0,0,0,0,20121016,20130208
10990,0,1,1,1,1,0,0,20121106,20121109
10991,0,1,1,1,1,0,0,20121106,20121109
10935,1,1,0,0,1,0,0,20121029,20121102
10992,1,1,1,1,1,0,0,20121105,20121109
10486,0,0,0,0,0,0,0,20121016,20130208
10993,0,1,1,1,1,1,0,20121030,20121110
10988,0,1,1,1,1,1,0,20121211,20130208
10883,0,0,0,0,1,0,0,20121214,20130208
10884,0,0,0,0,1,0,0,20121109,20121207
10986,1,1,1,1,1,1,1,20121029,20121111
10987,1,1,1,1,1,1,1,20121029,20121111
10355,1,1,1,0,0,0,0,20121029,20121031
10266,0,1,1,1,0,0,0,20121030,20121101
10568,1,1,0,0,0,0,0,20121029,20121030
10564,1,1,0,0,0,0,0,20121029,20121030
10775,1,1,1,1,0,0,0,20130121,20130131
10776,0,0,0,0,0,1,0,20121117,20121201
10777,0,0,0,0,0,0,1,20121118,20121202
10778,1,0,0,0,0,0,0,20121119,20121203
10774,1,1,1,1,1,0,0,20130121,20130201
10230,0,0,0,0,0,1,0,20121016,20130208
10384,1,1,0,0,0,0,0,20121029,20121030
10385,1,0,0,0,0,0,0,20121126,20121126
10202,0,0,0,0,0,1,0,20121016,20130208
10352,0,1,1,1,1,0,0,20121120,20121123
10382,1,1,1,1,0,0,0,20121029,20121105
10379,1,1,1,0,0,0,1,20121029,20121104
10263,0,1,1,1,1,0,0,20121106,20121109
10233,0,0,0,0,1,0,0,20121016,20130208
10231,1,1,1,1,0,0,0,20121112,20121115
10264,0,0,0,0,0,1,0,20121016,20130208
10232,1,1,1,1,0,0,0,20121119,20121122
10376,1,1,1,0,0,0,0,20121029,20121108
10380,0,0,0,1,1,0,0,20121101,20121102
10297,0,0,0,0,0,0,1,20121016,20130208
10296,1,0,0,0,0,0,0,20121119,20121119
10381,1,1,1,1,1,0,1,20121029,20121104
10245,1,1,1,1,0,0,0,20121203,20121206
10364,0,0,0,0,0,1,1,20121124,20121202
10223,0,0,0,0,1,0,0,20121016,20130208
10350,1,0,0,0,0,0,0,20121105,20121105
10299,0,1,1,1,1,0,0,20121113,20121116
10304,0,0,0,0,1,1,0,20121102,20121103
10389,0,0,0,0,0,1,0,20121016,20130208
10387,0,0,0,0,0,1,1,20121103,20121106
10388,1,0,0,0,0,0,1,20121125,20121203
10386,1,1,1,0,0,0,0,20121107,20121107
10247,0,1,1,1,1,0,0,20121204,20121207
10317,0,0,0,0,0,0,0,20121016,20130208
10258,0,0,0,0,0,0,0,20121016,20130208
10378,0,0,0,0,0,0,0,20121016,20130208
10377,0,0,0,0,0,0,0,20121109,20121123
10468,1,1,1,0,0,0,0,20121029,20121031
10401,0,1,1,1,0,0,0,20121030,20121101
10457,0,1,1,1,1,1,0,20121120,20121124
10458,1,0,0,0,0,0,0,20121119,20121126
10459,1,1,1,1,1,0,0,20121119,20121123
10438,0,0,0,0,0,0,0,20121016,20130208
10492,0,0,1,0,0,0,0,20121016,20130208
10504,0,0,0,0,0,0,0,20121016,20130208
8054,0,0,0,0,0,0,1,20121001,20130208
8055,0,0,0,0,0,1,0,20121001,20130208
10184,1,1,1,1,1,0,0,20121210,20130201
10208,1,0,1,1,1,0,0,20121224,20121231
10215,1,1,1,1,0,0,0,20130204,20130207
10182,1,1,1,1,1,0,0,20121210,20130208
10400,1,1,1,1,1,1,1,20121029,20121208
10395,1,1,1,1,1,1,1,20121029,20121208
10393,1,1,1,1,1,1,1,20121029,20121208
10397,0,0,0,0,0,1,0,20121016,20130208
10396,0,0,0,0,0,0,0,20121124,20121208
10399,1,1,1,1,1,1,0,20121103,20121208
10394,1,1,1,0,1,0,0,20121029,20121102
10319,0,0,0,0,0,0,1,20121101,20121202
10390,0,0,0,0,0,1,0,20121215,20130202
10391,0,0,0,0,0,1,0,20121103,20121208
10392,1,1,1,1,1,1,0,20121029,20121208
10407,0,0,0,0,0,1,1,20121101,20121208
10409,1,1,1,1,1,1,0,20121210,20130208
10405,0,0,0,0,0,1,1,20121103,20121125
10406,1,1,1,1,1,1,0,20121029,20121208
10403,0,0,0,0,0,1,0,20121103,20121208
10404,0,0,0,0,0,0,1,20121104,20121125
10402,1,1,1,1,1,1,0,20121029,20121208
10420,1,1,1,1,1,0,1,20121029,20121207
10276,1,1,1,1,1,0,1,20121209,20130208
10419,1,1,1,1,1,1,1,20121029,20130208
10418,0,0,0,0,0,0,0,20121016,20130208
10417,1,1,1,1,1,1,0,20121029,20130208
10415,1,0,1,1,1,1,0,20121224,20121231
10412,1,1,1,1,1,1,1,20121209,20130208
10410,1,1,1,1,1,1,1,20121223,20121231
10411,1,1,1,1,1,1,1,20121029,20121208
10416,0,0,0,0,0,0,1,20121101,20130203
10491,1,1,1,1,0,0,0,20121126,20121206
10490,1,1,1,1,0,0,0,20121126,20121207
10495,1,1,1,1,1,1,1,20121101,20121208
10348,1,1,1,1,1,0,0,20121126,20121130
10488,1,1,1,1,1,1,1,20121105,20121118
10463,1,1,1,1,1,0,0,20121029,20121207
10471,0,0,0,0,0,1,0,20121110,20121208
10430,0,0,0,0,0,1,1,20121124,20121125
10493,0,0,0,0,0,0,0,20121016,20130208
10494,1,1,1,1,1,1,1,20121029,20121208
10483,1,1,1,1,1,1,1,20121029,20121208
10480,0,0,0,0,0,0,1,20121101,20121202
10482,1,1,1,1,1,1,1,20121029,20121208
10478,1,1,1,1,1,1,0,20121029,20121208
10497,1,1,1,1,0,0,0,20121126,20121206
10496,0,1,1,1,0,0,0,20121204,20121206
10287,0,0,0,0,0,0,0,20121016,20130208
10301,0,0,0,0,0,0,0,20121029,20121119
10300,1,1,1,0,0,0,0,20121029,20121031
10302,1,1,1,1,1,0,0,20121029,20121102
10303,1,1,1,1,0,0,1,20121112,20121122
10306,1,1,1,0,0,0,1,20121029,20121118
10307,1,1,1,1,0,0,0,20121116,20121122
10305,0,0,0,0,0,0,1,20121104,20121122
10314,1,1,1,1,1,0,1,20121029,20121118
10313,0,1,1,1,1,0,0,20121116,20121123
10315,1,1,1,1,1,1,1,20121029,20121208
10311,1,1,1,1,1,0,1,20121029,20121108
10310,1,1,1,1,0,0,0,20121122,20121122
10312,0,0,0,0,1,0,1,20121116,20121118
10309,1,1,1,0,0,0,1,20121029,20121111
10308,1,1,1,0,0,0,1,20121029,20121122
10316,1,1,1,0,0,0,1,20121029,20121108
10825,1,1,1,1,1,1,0,20121029,20121208
10823,1,1,1,1,1,1,1,20121029,20130208
10821,0,0,0,0,0,0,1,20121101,20121202
10826,0,0,0,0,0,1,1,20121101,20121208
10822,0,0,0,0,0,1,0,20121103,20130202
10824,1,1,1,1,1,1,0,20121029,20130208
10827,0,0,0,0,0,1,0,20121103,20121208
10794,0,0,0,0,0,1,0,20121117,20130202
10836,0,0,0,0,0,0,1,20121101,20130203
10796,0,0,0,0,0,1,0,20121117,20130202
10843,1,1,1,1,1,1,1,20121112,20121208
10838,0,0,0,0,0,1,1,20121101,20121208
10837,0,0,0,0,0,1,0,20121117,20121208
10840,1,0,0,0,0,0,0,20130114,20130121
10841,1,1,1,1,1,1,0,20121029,20121208
10839,0,0,0,0,0,1,1,20121101,20130203
10833,1,1,1,1,1,1,0,20121029,20130208
10832,0,0,0,0,0,1,1,20121101,20121118
10834,1,1,1,1,1,1,0,20121029,20121207
10199,0,0,0,0,0,0,1,20121101,20121118
10831,0,0,0,0,0,1,1,20121215,20130203
10785,0,0,0,0,0,0,1,20121216,20130203
10830,0,0,0,0,0,1,1,20121101,20121118
10816,0,0,0,0,0,0,1,20121101,20121202
10835,1,1,1,1,1,0,1,20121112,20121207
10803,0,0,0,0,0,0,1,20121104,20121111
10800,0,0,0,0,0,1,0,20121103,20121110
10696,0,0,0,0,0,0,1,20121016,20130208
10363,0,0,0,0,0,0,1,20121125,20121202
10669,1,1,1,1,1,0,0,20121203,20121207
10799,0,0,0,0,0,1,0,20121124,20121208
10797,1,1,1,1,1,1,0,20121029,20130208
10782,1,1,1,1,1,1,1,20121210,20130208
10851,1,1,1,1,1,0,0,20121119,20121209
10850,1,1,1,1,1,0,1,20121029,20121118
10781,0,0,0,0,0,1,0,20121103,20130202
10819,1,1,1,1,1,1,1,20121029,20130208
10849,1,1,1,1,1,0,1,20121029,20121202
10725,0,0,0,0,0,1,1,20121103,20121111
10846,1,1,1,1,1,0,0,20121029,20121207
10845,1,1,1,1,1,0,0,20121029,20121116
10847,1,1,1,1,1,0,0,20121126,20121207
10722,1,1,1,1,1,0,0,20121210,20130201
10253,0,1,1,1,1,0,0,20130205,20130208
10185,1,1,1,1,1,0,0,20130204,20130208
10844,1,1,1,1,1,0,1,20121029,20121207
10820,0,0,0,0,0,1,1,20121124,20121208
10683,0,0,0,0,0,1,0,20121215,20130126
10852,0,0,0,0,0,0,1,20121118,20130203
10853,1,1,1,1,1,0,1,20121029,20130208
10814,1,1,1,1,1,1,0,20121029,20130202
10813,1,1,1,1,1,1,1,20130203,20121029
10815,1,1,1,1,1,0,0,20121029,20130201
10793,1,1,1,1,1,1,1,20121112,20121208
10806,1,1,1,1,1,0,1,20121209,20130203
10192,1,1,1,1,1,1,1,20121209,20130203
10804,1,1,1,1,1,1,0,20121029,20121122
10805,1,1,1,1,1,0,1,20121029,20130203
10810,1,1,1,1,1,1,1,20121209,20130203
10809,1,1,1,1,1,1,1,20121101,20121208
10812,1,1,1,1,1,0,1,20130203,20121029
10811,1,1,1,1,1,0,0,20121210,20130125
10808,0,0,0,0,0,0,1,20121016,20130208
10790,0,0,0,0,0,0,1,20121101,20130203
10818,0,0,0,0,0,1,0,20121103,20121117
10817,1,1,1,1,1,1,0,20121029,20121118
10791,1,1,1,1,1,0,0,20130128,20130208
10789,1,1,1,1,1,0,0,20121119,20121209
10787,1,1,1,1,1,0,1,20121029,20130208
10795,0,0,0,0,0,1,1,20121101,20121208
10792,1,1,1,1,1,0,0,20121029,20130208
10780,1,1,1,1,1,1,1,20121029,20121118
10779,1,1,1,1,1,1,1,20121209,20130208
10784,0,0,0,0,0,0,1,20121119,20121209
10783,1,1,1,1,1,1,1,20121029,20121118
10802,0,0,0,0,0,1,0,20121215,20130202
10798,1,1,1,1,1,1,1,20121029,20130208
10427,0,0,0,0,1,1,1,20121102,20121104
10422,1,1,1,1,1,1,0,20121029,20121208
10425,0,0,0,0,0,1,1,20121103,20121104
10432,1,1,1,1,1,1,0,20121029,20121208
10429,0,0,0,1,1,1,1,20121101,20121104
10428,1,1,1,1,1,1,1,20121029,20130208
10433,1,1,1,1,1,1,0,20121029,20130208
10431,1,1,1,1,1,1,0,20121210,20130208
10265,1,1,1,1,0,0,0,20121117,20121122
10280,1,1,1,1,1,0,0,20121029,20121221
10277,1,1,1,1,1,0,1,20121029,20121207
10273,1,1,1,1,1,1,1,20121221,20130208
10274,1,1,1,1,1,1,1,20121029,20121220
10281,0,0,0,0,0,0,1,20121223,20130203
10282,1,1,1,1,1,0,0,20121224,20130208
10278,0,0,0,0,0,0,1,20121209,20121216
10188,0,0,0,0,0,1,1,20121209,20130203
10197,0,0,0,0,0,1,0,20121215,20130202
10268,1,1,1,1,1,1,1,20121209,20130208
10239,1,1,1,1,1,1,1,20121209,20130208
10269,0,0,0,0,1,1,1,20121101,20121208
10270,1,1,1,1,1,1,1,20121029,20121208
10271,0,0,0,0,1,1,1,20121101,20121208
10235,1,1,1,1,1,1,0,20121210,20130202
10272,1,1,1,1,1,1,0,20121029,20121208
10267,1,1,1,1,1,0,0,20121210,20130208
10254,1,1,1,1,1,0,0,20121210,20130204
10252,1,1,1,1,1,1,1,20121221,20130204
10255,0,0,0,0,0,0,1,20121101,20121202
10259,1,1,1,1,1,1,1,20121029,20130204
10260,1,1,1,1,1,1,1,20121029,20121220
10256,1,1,1,1,1,1,1,20121029,20121208
10257,1,1,1,1,1,1,1,20121209,20121220
10227,1,1,1,0,0,0,0,20121029,20121031
10229,0,0,0,0,0,0,0,20121016,20130208
10228,0,0,0,0,1,0,0,20121016,20130208
10224,0,0,0,0,1,0,0,20121116,20121123
10226,0,0,0,0,0,0,0,20121016,20130208
10238,0,0,0,0,1,0,0,20121016,20130208
10241,0,0,0,0,0,1,0,20121102,20121208
10244,0,1,1,1,1,0,1,20121102,20121208
10243,1,1,1,1,1,1,1,20121209,20130208
10240,0,0,0,0,0,1,1,20121101,20121208
10237,0,0,0,0,0,1,0,20121102,20121208
10250,0,0,0,0,0,1,1,20121102,20121215
10251,1,1,1,1,1,1,1,20121216,20130208
10248,0,0,0,0,0,1,0,20121102,20121208
10479,0,0,0,0,0,0,1,20121101,20130203
10481,0,0,0,0,0,0,1,20121111,20121202
10462,0,0,0,0,0,1,1,20121101,20121208
10524,0,1,1,1,1,1,1,20121209,20130208
10525,0,1,1,1,1,0,0,20121030,20121207
10528,0,0,0,0,0,0,0,20121030,20121204
10526,1,0,1,1,1,1,1,20121209,20130208
10530,0,0,0,0,0,1,1,20121101,20121208
10523,0,1,0,0,0,0,0,20121211,20130205
10520,1,0,0,0,0,0,0,20121210,20130204
10521,1,0,0,0,0,0,0,20121029,20121203
10513,1,0,0,0,0,0,1,20121209,20130204
10512,1,0,0,0,0,0,1,20121029,20121203
10518,1,1,1,1,1,0,0,20121029,20121207
10510,0,0,0,0,0,0,0,20121031,20121208
10469,1,1,1,1,1,1,1,20121101,20121208
10470,1,1,1,1,1,1,1,20121029,20121208
10476,1,1,1,1,1,1,1,20121029,20121208
10475,1,1,1,1,1,1,1,20121029,20121208
10474,1,1,1,1,1,1,0,20121102,20121118
10473,1,1,1,1,1,1,1,20121101,20121208
10472,0,1,1,0,0,0,0,20121030,20121031
10464,1,1,1,1,1,1,1,20121105,20121118
10466,1,1,1,1,1,1,1,20121029,20121208
10461,0,1,1,1,0,1,0,20121030,20121103
10456,1,1,1,1,1,1,1,20121105,20121118
10454,1,1,1,1,1,1,1,20121101,20121208
10455,1,1,1,1,1,1,1,20121105,20121118
10477,0,1,1,1,1,1,0,20121029,20121208
10484,1,1,1,1,1,0,0,20121029,20130208
10213,0,0,0,0,1,1,1,20121103,20121208
10209,1,1,1,1,1,1,1,20121029,20121208
10212,1,1,1,1,1,1,1,20121029,20121208
10214,1,1,1,1,1,1,1,20121103,20121208
10219,0,0,0,0,1,1,1,20121103,20121208
10220,0,0,0,0,1,1,1,20121103,20121208
10216,1,1,1,1,1,1,1,20121103,20121208
10218,1,1,1,1,1,1,0,20121210,20130208
10217,1,1,1,1,1,1,0,20121029,20121208
10221,1,1,1,1,1,1,1,20121029,20121208
10222,1,1,1,1,1,1,1,20121103,20121207
10210,1,1,1,1,1,1,1,20121029,20121208
10360,1,1,1,1,0,0,0,20121112,20121122
10359,1,1,1,1,0,0,1,20121112,20121118
10365,0,0,0,0,0,1,1,20121124,20121202
10366,1,1,1,1,0,0,0,20121129,20121129
10361,0,0,0,0,0,1,0,20121124,20121201
10362,1,0,0,0,0,0,0,20121224,20121224
10373,1,1,1,1,0,0,0,20121116,20121122
10375,0,0,0,0,1,0,0,20121016,20130208
10351,1,1,1,1,0,0,0,20121105,20121111
10196,0,0,0,0,0,1,0,20121103,20121118
10191,1,1,1,1,1,1,1,20121029,20121118
10200,1,1,1,1,1,1,0,20121029,20121118
10367,0,0,0,0,1,0,0,20121101,20121208
10187,0,0,0,0,0,1,1,20121101,20121118
10368,0,0,0,0,0,1,1,20121101,20121125
10370,1,1,1,1,1,1,1,20121029,20121118
10369,1,1,1,1,1,1,0,20121210,20130208
10371,1,0,0,0,0,1,0,20121119,20121124
10374,0,0,0,0,0,0,1,20121118,20121123
10325,1,1,1,1,1,1,1,20121209,20130208
10326,0,0,0,0,1,1,1,20121101,20121208
10318,1,1,1,1,1,1,0,20121029,20121208
10321,0,0,0,0,1,1,0,20121102,20121208
10323,0,0,0,0,0,0,1,20121016,20130208
10324,0,0,0,0,1,1,0,20121029,20121208
10450,1,1,1,1,1,0,0,20121105,20121123
10451,1,1,1,1,1,0,0,20121029,20121102
10447,1,1,1,0,1,0,0,20121029,20121102
10449,1,1,1,1,1,0,0,20121105,20121123
10453,0,0,0,0,0,0,0,20121016,20130208
10452,1,1,1,0,1,0,0,20121029,20121102
10442,0,0,0,0,0,0,0,20121016,20130208
10443,1,0,0,0,0,0,0,20121105,20121203
10444,0,0,0,0,0,0,1,20121104,20121202
10441,1,1,1,0,1,0,0,20121029,20121102
10446,1,1,1,1,1,0,0,20121105,20121207
10578,1,1,0,1,1,0,0,20121112,20121116
10572,1,1,1,1,1,0,0,20130107,20130118
10573,1,1,1,1,1,0,0,20121112,20121116
10581,0,1,1,1,1,0,0,20130108,20130118
10580,1,0,0,0,0,0,0,20130107,20130114
10570,0,1,1,1,1,1,0,20130108,20130119
10579,0,1,1,0,1,1,0,20121113,20121117
10571,0,1,1,1,1,1,0,20121113,20121117
10566,1,1,1,0,0,0,0,20121029,20121109
10565,1,1,0,0,0,0,1,20121029,20121108
10567,1,1,1,1,0,0,0,20121108,20121108
10569,1,1,1,1,0,0,0,20121108,20121108
10551,0,0,0,0,0,1,1,20121031,20121208
10557,0,1,1,0,0,0,0,20121030,20121031
10206,0,0,0,0,1,0,0,20121101,20121208
10207,0,0,0,0,1,0,0,20121029,20121208
10195,0,0,0,0,1,1,1,20121101,20121208
10193,1,1,1,1,1,1,1,20121029,20121208
10204,0,0,0,0,0,0,0,20121101,20121208
10435,1,1,0,0,0,0,0,20121029,20121030
10434,1,1,1,1,1,1,1,20121029,20121208
10439,1,1,1,1,1,0,0,20121119,20121207
10437,0,0,0,0,0,1,0,20121103,20130202
10533,0,1,1,1,1,0,0,20130122,20130201
10532,1,0,0,0,0,0,0,20121029,20121105
10552,0,1,1,1,1,0,0,20130122,20130125
10553,1,1,1,1,1,1,1,20121209,20130208
10555,1,1,1,1,1,0,0,20121031,20121207
10554,1,1,1,1,1,0,0,20121029,20121207
10538,1,1,1,1,1,1,1,20121031,20121208
10550,1,0,0,0,0,0,1,20121101,20121208
10541,1,1,1,1,1,1,1,20121209,20130208
10549,1,1,1,1,1,1,1,20121031,20121208
10543,1,1,1,1,1,1,1,20121209,20130208
10540,1,0,0,0,0,0,1,20121101,20121208
10556,1,1,1,1,1,0,0,20121031,20121207
10546,1,1,1,1,1,0,0,20121029,20121207
10536,0,1,1,1,1,0,0,20130129,20130201
10534,1,1,1,1,1,1,1,20121209,20130208
10537,1,1,1,1,1,1,1,20121029,20121208
10535,1,1,1,1,1,1,1,20121209,20130208
10548,1,1,1,1,1,1,1,20121029,20121208
10539,1,1,1,1,1,1,1,20121029,20121208
10542,0,0,0,0,0,1,1,20121031,20121208
10544,1,1,1,1,1,1,1,20121202,20130208
10560,1,1,1,1,1,1,1,20121031,20121208
10562,0,0,0,0,0,1,1,20121101,20121208
10563,1,1,1,1,1,0,0,20121031,20121207
10561,1,1,1,1,1,1,1,20121029,20121208
10292,1,1,1,1,1,0,0,20121119,20121130
10289,1,1,1,1,1,0,0,20130114,20130118
10291,1,1,1,1,1,1,0,20121029,20121118
10294,0,1,1,1,1,0,0,20121030,20121118
10295,1,0,0,0,0,0,0,20121029,20121207
10290,1,1,1,1,1,1,0,20121210,20130204
10284,1,1,1,1,1,1,1,20121209,20130204
10286,1,1,1,1,1,1,0,20121029,20121208
10681,1,1,1,1,1,0,0,20121029,20121207
10678,0,0,0,0,0,0,1,20121209,20130127
10677,0,0,0,0,0,1,1,20121101,20130127
10679,0,0,0,0,0,1,1,20121101,20121208
10674,0,1,1,1,1,1,1,20121029,20121208
10673,1,1,1,1,1,1,1,20121101,20121208
10671,0,1,1,1,1,1,0,20121127,20121201
10672,0,0,0,0,0,0,0,20121029,20121130
10676,1,1,1,1,1,1,0,20121101,20121208
10663,0,0,0,0,0,0,1,20121112,20121125
10713,0,0,0,0,0,0,0,20121211,20130202
10717,1,1,1,1,1,1,1,20121029,20130208
10715,0,0,0,0,0,1,1,20121101,20130127
10716,1,1,1,1,1,1,1,20121029,20130208
10714,0,0,0,0,0,1,1,20121101,20130203
10694,0,0,0,0,0,0,0,20121112,20130208
10691,0,0,0,0,0,1,0,20121029,20121208
10723,1,1,1,1,1,1,1,20121209,20130208
10698,1,1,1,1,1,1,1,20121029,20121208
10721,1,0,0,0,0,0,0,20121210,20130128
10724,1,1,1,0,0,0,0,20121029,20121031
10719,1,1,1,1,0,0,0,20121029,20130207
10686,1,1,1,1,1,0,0,20121112,20130208
10656,0,0,0,0,1,0,0,20121102,20130208
10731,1,0,0,0,0,0,0,20121102,20121203
10720,1,1,1,1,1,0,0,20121102,20121207
10718,0,0,0,0,0,0,1,20121101,20130203
10682,0,0,0,0,0,0,0,20121016,20130208
10727,0,1,1,1,1,1,0,20121030,20121208
10729,1,1,1,1,1,1,1,20121210,20130127
10726,0,0,0,0,0,1,1,20121112,20121208
10711,0,0,0,0,0,1,1,20121215,20130127
10730,0,0,0,0,0,1,1,20121112,20121125
10700,0,0,0,0,0,1,0,20121016,20130208
10697,1,1,1,1,1,0,0,20121029,20121207
10695,1,1,1,1,1,1,1,20121029,20121208
10707,1,1,1,1,1,1,0,20121029,20121208
10708,0,0,0,0,0,0,0,20121016,20130208
10706,1,1,1,1,1,1,0,20121210,20130208
10705,0,0,0,1,0,0,0,20121016,20130208
10710,1,1,1,1,1,0,0,20121210,20130125
10709,1,1,1,1,1,0,0,20121210,20130208
10704,0,0,0,0,0,0,0,20121016,20130208
10701,0,0,0,0,0,1,1,20121112,20121125
10703,0,0,0,0,0,1,1,20121209,20130127
10702,0,0,0,0,0,1,1,20121101,20121208
10688,1,1,1,1,1,0,1,20121104,20130208
10689,1,1,1,1,1,0,0,20121029,20130208
10690,1,1,1,1,1,1,1,20121029,20130208
10692,0,0,0,0,0,0,1,20121016,20130208
10684,0,0,0,0,0,1,0,20121101,20121208
10685,0,0,0,0,0,1,0,20121103,20130126
10687,1,1,1,1,1,0,0,20121112,20130208
10773,1,1,1,1,1,1,1,20121029,20130208
10770,0,0,0,0,0,1,0,20121103,20130202
10771,0,0,0,0,0,0,1,20121101,20130203
10769,1,1,1,1,1,0,0,20121102,20121207
10767,0,0,0,0,0,0,0,20121029,20121206
10754,1,1,1,1,0,0,0,20121210,20121213
10755,0,0,0,0,0,0,0,20121029,20121206
10759,1,1,1,1,1,1,1,20121029,20121208
10757,1,1,1,1,1,0,0,20121112,20121130
10760,1,1,1,1,1,1,1,20121029,20121209
10762,0,0,0,0,1,1,1,20121101,20121208
10658,1,1,1,1,0,0,0,20121029,20121206
10761,0,0,0,0,1,1,1,20121209,20130208
10751,0,0,0,0,0,0,1,20121209,20130203
10732,1,1,1,1,1,1,1,20121029,20121208
10750,1,1,1,1,1,1,1,20121209,20130208
10749,1,1,1,1,1,1,1,20121209,20130208
10752,1,1,1,1,1,1,1,20121029,20121208
10753,1,1,1,1,1,1,1,20121209,20130203
10748,1,1,1,1,1,1,1,20121029,20130203
10764,0,0,0,0,0,0,0,20121016,20130208
10763,1,1,1,1,1,0,0,20121029,20121207
10765,1,1,1,1,1,1,1,20121029,20121208
10766,1,1,1,1,1,1,1,20121209,20130208
10913,1,1,1,1,1,0,0,20121029,20121207
10900,0,0,0,0,0,1,1,20121101,20121208
10914,0,0,0,0,0,0,1,20121104,20121111
10919,0,0,0,0,1,0,0,20121102,20121111
10918,1,1,1,1,1,1,0,20121029,20121208
10916,0,0,0,0,1,0,0,20121031,20121207
10915,0,0,0,0,0,1,0,20121103,20121201
10928,1,1,1,1,0,0,1,20121209,20130203
10922,0,0,0,0,1,0,0,20121016,20130208
10927,0,0,0,0,0,1,0,20121101,20121208
10923,0,0,0,0,1,0,0,20130201,20130208
10924,1,1,1,1,0,0,1,20121029,20121206
10926,0,0,1,0,0,0,0,20121016,20130208
10902,1,1,1,1,1,1,1,20121029,20121208
10921,1,1,1,1,1,0,1,20121029,20121207
10967,0,1,0,0,0,0,0,20121225,20130101
10962,0,0,0,0,0,0,1,20121101,20121208
10949,0,0,0,0,0,0,0,20121016,20130208
10968,0,0,0,0,0,0,0,20121101,20121208
10969,0,0,0,0,1,0,0,20121031,20121207
10966,1,1,1,1,1,0,0,20121112,20121208
10964,1,1,1,1,1,0,0,20121112,20121208
10937,0,0,0,0,0,1,1,20121117,20121202
10965,1,1,1,1,1,0,1,20121112,20121208
10970,0,0,0,0,0,1,0,20121117,20121124
10971,0,0,0,0,0,1,1,20121117,20121125
10963,0,0,0,0,0,0,1,20121230,20130106
10972,0,0,0,0,0,0,0,20121103,20121208
10973,0,0,0,0,0,0,0,20121101,20121208
10950,0,0,1,0,0,0,0,20121224,20130113
10951,1,0,0,0,0,0,0,20121029,20121112
10940,0,0,0,0,0,0,0,20121101,20121208
10944,0,0,0,0,0,0,1,20121101,20121208
10952,1,1,1,1,1,0,1,20121209,20130106
10948,0,0,0,0,1,0,0,20121214,20130208
10953,1,1,1,1,1,0,0,20130107,20130208
10939,0,0,0,0,1,0,0,20121031,20121207
10947,0,0,0,0,1,0,0,20121221,20130104
10942,1,1,1,1,1,0,1,20121112,20121208
10943,1,1,1,1,1,1,1,20121209,20130106
10946,0,0,0,0,0,0,0,20121101,20121208
10945,0,0,0,0,1,0,0,20121031,20121207
10941,0,0,0,1,0,1,0,20121101,20121103
10938,0,0,0,0,0,1,0,20121222,20121229
10929,1,0,0,0,0,0,1,20121029,20130204
10936,0,0,0,0,0,1,0,20121103,20121208
10909,1,1,1,1,1,1,0,20121029,20121208
10934,0,0,0,0,0,0,0,20121210,20130208
10932,1,1,1,1,1,1,1,20121224,20130120
10933,0,0,1,0,0,0,0,20121031,20121109
10930,0,0,0,0,0,1,1,20121101,20121208
10931,1,1,1,1,1,1,1,20121031,20121208
10956,0,0,0,0,0,1,1,20121101,20130203
10954,0,0,0,0,0,1,0,20121103,20130202
10955,0,0,0,0,0,1,1,20121101,20130203
10961,0,0,0,0,0,0,0,20121210,20130125
10957,1,1,1,1,1,1,1,20121101,20121208
10960,1,1,1,1,1,1,1,20121209,20130203
10959,0,0,1,0,0,0,0,20121016,20130208
10958,1,1,1,1,1,1,1,20121101,20121208
10974,0,0,0,0,0,1,0,20121101,20121208
10975,0,0,0,0,0,1,0,20121101,20121117
10625,1,1,1,1,1,1,1,20121209,20130208
10591,1,1,1,1,1,1,1,20121029,20121208
10624,1,1,1,1,1,1,1,20121101,20130208
10607,0,0,0,0,0,0,0,20121112,20121209
10619,1,0,0,0,0,1,1,20121029,20121208
10623,1,0,0,0,0,1,1,20121209,20130204
10622,0,1,1,1,1,0,0,20121030,20121207
10620,0,1,1,1,1,0,0,20121211,20130208
10611,1,1,1,1,1,1,1,20121029,20121208
10612,1,1,1,1,1,1,1,20121029,20121208
10627,1,1,1,1,1,1,1,20121029,20121208
10626,0,0,0,0,0,1,1,20121112,20121208
10606,0,0,0,0,0,0,0,20130107,20130127
10609,1,1,1,1,1,1,1,20121029,20121204
10599,0,0,0,0,1,0,0,20121031,20130208
10594,1,1,1,1,1,0,0,20130107,20130111
10597,0,0,0,0,0,1,1,20121103,20121208
10596,1,1,1,1,1,1,1,20121209,20130127
10598,1,1,1,1,0,0,0,20121029,20130207
10604,0,0,0,0,0,0,1,20121101,20130127
10603,0,0,0,0,0,0,0,20121226,20130207
10602,1,1,1,1,0,0,0,20121112,20121206
10601,1,1,1,1,1,1,1,20121029,20130208
10595,1,1,1,1,1,1,1,20121209,20130208
10613,1,1,1,1,1,1,0,20121029,20121208
10610,1,1,1,1,1,1,1,20121209,20130203
10590,1,1,1,1,1,0,0,20130121,20130125
10592,1,1,1,1,1,1,1,20121209,20130208
10589,1,1,1,1,0,1,1,20121209,20130207
10593,1,1,1,1,1,1,1,20121209,20130208
10616,1,1,1,1,1,0,0,20130128,20130201
10617,1,1,1,1,1,1,1,20121209,20130208
10618,1,1,1,1,1,1,1,20121029,20121208
10615,1,1,1,1,1,1,1,20121209,20130208
10896,1,1,1,1,1,1,1,20121029,20121203
10893,1,1,1,1,1,1,1,20121029,20121208
10733,1,1,1,1,1,1,1,20121029,20121208
10747,1,1,1,1,1,1,0,20121029,20121208
10745,0,1,1,1,1,0,0,20121211,20130208
10740,1,1,1,1,1,1,1,20121029,20121208
10746,1,0,0,0,0,0,0,20121210,20130204
10736,1,1,1,1,1,1,1,20121101,20121208
10737,1,1,1,1,1,1,1,20121101,20121208
10642,1,1,1,1,1,1,1,20121101,20121208
10735,1,1,1,1,1,1,1,20121029,20121118
10734,1,1,1,1,1,1,1,20121029,20121208
10741,1,1,1,1,1,0,0,20121029,20130208
10738,0,0,0,0,0,0,1,20121209,20130203
10743,1,1,1,1,1,0,0,20121029,20121118
10742,1,1,1,1,1,1,1,20121029,20121208
10744,1,1,1,1,1,1,1,20121029,20121118
10854,1,1,1,1,1,1,1,20121029,20121208
10879,0,0,0,0,0,1,1,20121103,20121105
10878,1,1,1,1,1,1,1,20121102,20121208
10877,1,1,1,1,0,0,0,20121029,20121101
10856,1,1,1,1,1,1,1,20121103,20121208
10855,1,1,1,1,1,1,1,20121029,20121208
10880,0,0,0,0,0,0,0,20121016,20130208
10881,0,0,0,0,0,0,0,20121016,20130208
10870,0,0,0,1,0,1,1,20121101,20121104
10628,1,1,1,1,1,1,1,20121103,20121208
10631,1,1,1,1,1,0,1,20121104,20121207
10632,1,1,1,1,1,0,0,20121029,20121123
10629,1,1,1,1,1,1,1,20121029,20121208
10643,1,1,1,1,1,1,1,20121029,20121208
10636,1,1,1,1,1,1,1,20121209,20130208
10641,1,1,1,1,1,1,1,20121031,20121208
10640,1,1,1,1,1,1,1,20121209,20130208
10635,1,1,1,1,1,1,1,20121031,20121208
10633,1,1,1,1,1,1,1,20121031,20130208
10634,1,1,1,1,1,1,1,20121103,20121208
10638,1,1,1,1,1,1,0,20121210,20130208
10647,1,1,1,1,1,1,1,20121029,20121208
10646,0,0,0,0,0,1,1,20121209,20130120
10645,1,1,1,1,1,1,1,20121031,20121208
10644,1,1,1,1,1,1,1,20121214,20130208
10649,1,1,1,1,1,1,1,20121031,20121208
10650,1,1,1,1,1,1,1,20121031,20121208
10655,1,1,1,1,1,0,0,20121105,20121207
10664,1,1,1,1,1,1,0,20121029,20121208
10665,0,0,0,0,0,1,1,20121209,20130203
10662,0,0,0,0,0,1,0,20121016,20130208
10667,1,1,1,1,0,0,0,20121029,20121206
10668,1,1,1,1,1,0,0,20121029,20130208
10666,0,0,0,0,0,1,0,20121103,20130202
10659,0,0,0,0,1,1,0,20121214,20130208
10660,0,0,0,0,1,1,0,20121102,20121208
10661,1,1,1,1,1,0,1,20121029,20121207
10657,1,1,1,1,0,0,0,20121029,20130207
10864,0,0,0,0,0,0,1,20121111,20121202
10866,1,1,1,1,1,1,0,20121029,20121208
10871,0,0,0,0,0,0,1,20121209,20130203
10867,0,0,0,0,0,1,1,20121110,20121208
10873,0,0,0,0,0,1,0,20121110,20130202
10865,0,0,0,0,0,1,0,20121110,20121208
10872,0,0,0,0,0,1,1,20121110,20130203
10874,1,1,1,1,1,0,0,20121029,20130208
10868,1,1,1,1,1,1,1,20121029,20121208
10869,1,1,1,1,1,0,1,20121029,20121207
10858,1,1,1,1,1,1,1,20121029,20121208
10859,1,1,1,1,1,1,1,20121103,20121208
10976,1,1,1,1,1,1,1,20121209,20130204
10977,1,1,1,1,1,1,1,20121209,20130203
10978,0,0,0,0,0,0,0,20121211,20130208
10979,0,1,1,1,1,1,0,20121218,20130120
10985,1,1,1,0,1,0,0,20121029,20121109
10984,1,1,1,1,1,0,0,20121112,20121207
10981,1,1,1,1,1,1,1,20121029,20121208
10980,1,1,1,1,1,1,1,20121029,20121208
10983,1,1,1,1,1,1,1,20121029,20121208
10982,1,1,1,1,1,1,1,20121029,20121208
10891,1,0,0,0,0,0,1,20121112,20121203
10892,0,0,0,0,0,1,1,20121112,20121208
10894,0,0,0,0,0,1,1,20121112,20121208
10895,1,0,0,0,0,0,1,20121112,20121208
10901,1,1,1,1,1,1,1,20121029,20121208
10904,0,0,0,0,0,1,1,20121105,20121125
10899,1,1,1,1,1,1,1,20121209,20130208
10906,1,0,0,0,0,0,1,20121029,20121208
10907,0,1,1,1,1,0,0,20121030,20121109
10905,1,0,0,0,0,0,1,20121029,20121208
10897,1,1,1,1,1,1,1,20121029,20121208
10898,1,1,1,1,1,1,1,20121029,20121203
10910,1,1,1,1,1,1,1,20121209,20130208
10911,1,1,1,1,1,1,1,20121029,20121203
10912,1,1,1,1,1,1,1,20121209,20130208
10995,1,1,1,1,1,1,1,20121209,20130203
10994,1,1,1,1,1,1,1,20121209,20130202
10651,1,1,1,1,1,0,0,20121217,20121221
10885,1,1,1,1,1,1,1,20121105,20121208
10886,1,1,1,1,1,0,0,20121105,20121207
10887,1,1,1,1,1,1,0,20121105,20121208
10889,1,1,1,1,1,1,1,20121105,20130208
10888,1,1,1,1,1,0,1,20121105,20121207
10863,1,1,1,1,1,1,1,20121106,20121208
10862,1,1,1,1,1,1,1,20121029,20121208
10861,1,1,1,1,1,1,1,20121029,20121208
10860,1,1,1,1,1,0,1,20121029,20121207
10585,1,0,0,0,0,0,0,20121029,20130204
